{
 "cells": [
  {
   "cell_type": "code",
   "execution_count": 2,
   "metadata": {
    "scrolled": false
   },
   "outputs": [
    {
     "name": "stdout",
     "output_type": "stream",
     "text": [
      "Is it Demo? (Y or N) n\n",
      "Filename:cho.txt\n",
      "Enter number of clusters:5\n",
      "(386, 16)\n",
      "(5, 16) (5, 16, 16) (5, 1)\n",
      "Stopping criteria: Iterations\n",
      " Iterations:100\n",
      " Tolerance:-1.800949270602814e-06\n",
      "Mean of the data: \n",
      "[array([-0.64488513, -0.63349744, -0.76197587, -0.50453889, -0.16282096,\n",
      "        0.16323892,  0.542968  ,  0.69909448,  0.59988449, -0.07184775,\n",
      "       -0.26634684, -0.1043688 ,  0.06168042,  0.28228247,  0.43867562,\n",
      "        0.35281632]), array([ 0.09940429, -0.37062587, -0.90499272, -0.81207595, -0.60405438,\n",
      "       -0.43849787, -0.39501752, -0.15068456,  0.38231406,  0.80202382,\n",
      "        0.47086723,  0.17937542,  0.0135639 ,  0.08299109,  0.21601414,\n",
      "        0.54134377]), array([-0.36998995, -0.15844972,  0.36458079,  0.24757288,  0.08541927,\n",
      "        0.00342713, -0.1605234 , -0.30093306, -0.2406973 ,  0.32510878,\n",
      "        0.29770275,  0.17646866,  0.035295  , -0.10521056, -0.19654967,\n",
      "       -0.16429503]), array([-1.31020713, -2.09812157, -1.9147348 , -1.18464807, -0.66841772,\n",
      "        0.23803401,  0.89626878,  1.35417474,  1.20889   ,  0.23840496,\n",
      "       -0.14653129,  0.27549881,  0.35754782,  0.6972298 ,  0.94228344,\n",
      "        1.16819752]), array([-0.18817907,  0.45195884,  0.27437644, -0.24787938, -0.85936784,\n",
      "       -0.55229737, -0.90532244, -0.92580992, -0.455922  ,  0.20951834,\n",
      "        0.98751971,  0.70346141,  0.4218349 ,  0.20889776,  0.10288309,\n",
      "        0.55006868])]\n",
      "Covariance of the data: \n",
      "[array([[ 7.18460996e-01,  2.61138291e-01,  1.34128023e-01,\n",
      "         9.29172648e-02, -2.08220400e-02, -1.46186175e-01,\n",
      "        -1.68661325e-01, -1.38835567e-01, -1.03190293e-01,\n",
      "         2.01788404e-02, -3.24062587e-03, -7.99735787e-02,\n",
      "        -1.39289165e-01, -1.17226088e-01, -1.34642069e-01,\n",
      "        -6.02250529e-02],\n",
      "       [ 2.61138291e-01,  5.99230394e-01,  1.67316551e-01,\n",
      "         6.48803646e-02, -1.81588381e-02, -1.13449323e-01,\n",
      "        -1.68646951e-01, -1.33181855e-01, -9.05107103e-02,\n",
      "         7.30375858e-03,  4.63068810e-02, -4.99238937e-02,\n",
      "        -9.97187731e-02, -1.25814222e-01, -1.32683263e-01,\n",
      "        -7.68452361e-02],\n",
      "       [ 1.34128023e-01,  1.67316551e-01,  5.09231755e-01,\n",
      "         1.08902840e-01,  2.10503954e-02, -6.31702254e-02,\n",
      "        -1.20216287e-01, -1.50195307e-01, -1.35719805e-01,\n",
      "         3.72014884e-03,  4.41259649e-02, -4.70198629e-02,\n",
      "        -4.87228808e-02, -9.04285947e-02, -7.47655796e-02,\n",
      "        -6.64524851e-02],\n",
      "       [ 9.29172648e-02,  6.48803646e-02,  1.08902840e-01,\n",
      "         4.14635813e-01,  1.63073970e-01,  7.41028971e-02,\n",
      "        -4.96070963e-02, -1.12719891e-01, -1.56595629e-01,\n",
      "        -7.68841175e-02, -8.75348958e-03,  5.29249061e-02,\n",
      "         1.45111631e-03, -4.89465615e-02, -9.46155352e-02,\n",
      "        -1.00703526e-01],\n",
      "       [-2.08220400e-02, -1.81588381e-02,  2.10503954e-02,\n",
      "         1.63073970e-01,  5.01585013e-01,  1.79044667e-01,\n",
      "         3.88004391e-04, -8.75358711e-02, -1.44065735e-01,\n",
      "        -1.32600964e-01, -1.09701187e-02,  1.02368857e-01,\n",
      "         6.17705886e-02, -2.68078475e-02, -7.19091844e-02,\n",
      "        -1.14316950e-01],\n",
      "       [-1.46186175e-01, -1.13449323e-01, -6.31702254e-02,\n",
      "         7.41028971e-02,  1.79044667e-01,  4.46429264e-01,\n",
      "         1.22557457e-01,  2.25156998e-02, -5.17849288e-02,\n",
      "        -1.38431054e-01, -7.50738081e-02,  8.20887637e-02,\n",
      "         9.02808443e-02,  4.82647476e-02,  6.15241061e-03,\n",
      "        -5.85937436e-02],\n",
      "       [-1.68661325e-01, -1.68646951e-01, -1.20216287e-01,\n",
      "        -4.96070963e-02,  3.88004391e-04,  1.22557457e-01,\n",
      "         4.28417953e-01,  1.87041649e-01,  1.00498669e-01,\n",
      "        -8.77917083e-02, -1.25603431e-01, -1.16931731e-02,\n",
      "         3.14970297e-02,  8.42819324e-02,  6.78409473e-02,\n",
      "         2.82946529e-02],\n",
      "       [-1.38835567e-01, -1.33181855e-01, -1.50195307e-01,\n",
      "        -1.12719891e-01, -8.75358711e-02,  2.25156998e-02,\n",
      "         1.87041649e-01,  4.96312468e-01,  1.99651477e-01,\n",
      "        -4.11830950e-02, -1.33321146e-01, -7.14174580e-02,\n",
      "        -3.49345755e-02,  6.55452122e-02,  7.23491593e-02,\n",
      "         7.53979880e-02],\n",
      "       [-1.03190293e-01, -9.05107103e-02, -1.35719805e-01,\n",
      "        -1.56595629e-01, -1.44065735e-01, -5.17849288e-02,\n",
      "         1.00498669e-01,  1.99651477e-01,  4.46309453e-01,\n",
      "         3.77378400e-02, -4.99448623e-02, -5.99074298e-02,\n",
      "        -4.60711529e-02,  3.79472851e-02,  5.80699758e-02,\n",
      "         6.96813590e-02],\n",
      "       [ 2.01788404e-02,  7.30375858e-03,  3.72014884e-03,\n",
      "        -7.68841175e-02, -1.32600964e-01, -1.38431054e-01,\n",
      "        -8.77917083e-02, -4.11830950e-02,  3.77378400e-02,\n",
      "         3.85383735e-01,  8.94949001e-02, -2.74080027e-02,\n",
      "        -4.29760453e-02, -1.34567812e-02, -8.31578910e-03,\n",
      "         4.10796349e-02],\n",
      "       [-3.24062587e-03,  4.63068810e-02,  4.41259649e-02,\n",
      "        -8.75348958e-03, -1.09701187e-02, -7.50738081e-02,\n",
      "        -1.25603431e-01, -1.33321146e-01, -4.99448623e-02,\n",
      "         8.94949001e-02,  3.95670902e-01,  5.99032928e-02,\n",
      "         1.03827298e-02, -4.28532946e-02, -3.19708708e-02,\n",
      "        -2.87459699e-02],\n",
      "       [-7.99735787e-02, -4.99238937e-02, -4.70198629e-02,\n",
      "         5.29249061e-02,  1.02368857e-01,  8.20887637e-02,\n",
      "        -1.16931731e-02, -7.14174580e-02, -5.99074298e-02,\n",
      "        -2.74080027e-02,  5.99032928e-02,  3.66847704e-01,\n",
      "         6.85147420e-02,  1.17567197e-02, -2.93279186e-02,\n",
      "        -5.90814012e-02],\n",
      "       [-1.39289165e-01, -9.97187731e-02, -4.87228808e-02,\n",
      "         1.45111631e-03,  6.17705886e-02,  9.02808443e-02,\n",
      "         3.14970297e-02, -3.49345755e-02, -4.60711529e-02,\n",
      "        -4.29760453e-02,  1.03827298e-02,  6.85147420e-02,\n",
      "         3.51209838e-01,  5.55816956e-02,  4.56239819e-02,\n",
      "        -1.05166863e-02],\n",
      "       [-1.17226088e-01, -1.25814222e-01, -9.04285947e-02,\n",
      "        -4.89465615e-02, -2.68078475e-02,  4.82647476e-02,\n",
      "         8.42819324e-02,  6.55452122e-02,  3.79472851e-02,\n",
      "        -1.34567812e-02, -4.28532946e-02,  1.17567197e-02,\n",
      "         5.55816956e-02,  2.97015766e-01,  7.27812887e-02,\n",
      "         3.66129772e-02],\n",
      "       [-1.34642069e-01, -1.32683263e-01, -7.47655796e-02,\n",
      "        -9.46155352e-02, -7.19091844e-02,  6.15241061e-03,\n",
      "         6.78409473e-02,  7.23491593e-02,  5.80699758e-02,\n",
      "        -8.31578910e-03, -3.19708708e-02, -2.93279186e-02,\n",
      "         4.56239819e-02,  7.27812887e-02,  3.71287914e-01,\n",
      "         9.96798390e-02],\n",
      "       [-6.02250529e-02, -7.68452361e-02, -6.64524851e-02,\n",
      "        -1.00703526e-01, -1.14316950e-01, -5.85937436e-02,\n",
      "         2.82946529e-02,  7.53979880e-02,  6.96813590e-02,\n",
      "         4.10796349e-02, -2.87459699e-02, -5.90814012e-02,\n",
      "        -1.05166863e-02,  3.66129772e-02,  9.96798390e-02,\n",
      "         3.56837401e-01]]), array([[ 6.72315790e-01,  2.25592938e-01,  4.91400688e-02,\n",
      "        -1.74051906e-04, -7.99249197e-02, -2.01739393e-01,\n",
      "        -1.51245662e-01, -5.15099915e-02, -8.36426661e-02,\n",
      "        -3.27695510e-02,  4.25874133e-02,  2.27685911e-02,\n",
      "        -5.15335028e-02, -1.88988848e-02, -3.60618636e-02,\n",
      "        -9.48446186e-03],\n",
      "       [ 2.25592938e-01,  5.45682280e-01,  2.11666703e-01,\n",
      "         3.14003942e-02, -8.22606728e-02, -1.63974465e-01,\n",
      "        -3.58574732e-02,  9.48708418e-02,  4.61600157e-03,\n",
      "        -1.14121431e-01, -9.04441643e-02, -9.72300825e-02,\n",
      "        -1.20706493e-01, -4.67317938e-02, -3.35157530e-02,\n",
      "        -3.80305489e-02],\n",
      "       [ 4.91400688e-02,  2.11666703e-01,  5.79852683e-01,\n",
      "         1.61609131e-01, -4.29429630e-02, -1.14617382e-01,\n",
      "         4.79003457e-02,  1.45954040e-01, -6.75360326e-03,\n",
      "        -1.86874038e-01, -1.61542718e-01, -1.28819327e-01,\n",
      "        -1.14598975e-01, -4.12974713e-02, -2.64920363e-02,\n",
      "        -4.17506283e-02],\n",
      "       [-1.74051906e-04,  3.14003942e-02,  1.61609131e-01,\n",
      "         3.83916917e-01,  7.20997919e-02,  2.97436323e-02,\n",
      "         3.29970994e-02,  1.40791734e-02, -5.61169428e-02,\n",
      "        -1.15952053e-01, -8.20918683e-02, -3.79314900e-02,\n",
      "        -2.46111435e-02, -1.02517508e-02, -2.61105249e-02,\n",
      "        -3.44944634e-02],\n",
      "       [-7.99249197e-02, -8.22606728e-02, -4.29429630e-02,\n",
      "         7.20997919e-02,  3.75725117e-01,  1.66625837e-01,\n",
      "         4.84044579e-02, -7.07201434e-02, -6.06764635e-02,\n",
      "        -4.34181186e-02, -1.63965352e-02, -1.74748535e-05,\n",
      "         4.69791737e-02,  8.04041035e-03, -9.84968639e-03,\n",
      "        -2.92409116e-02],\n",
      "       [-2.01739393e-01, -1.63974465e-01, -1.14617382e-01,\n",
      "         2.97436323e-02,  1.66625837e-01,  5.07923998e-01,\n",
      "         9.19851217e-02, -1.21459676e-01, -5.31651660e-02,\n",
      "         4.43006909e-03,  5.58835114e-03,  2.56979949e-02,\n",
      "         9.08307035e-02,  2.74515120e-02, -3.02042902e-03,\n",
      "        -4.18139159e-02],\n",
      "       [-1.51245662e-01, -3.58574732e-02,  4.79003457e-02,\n",
      "         3.29970994e-02,  4.84044579e-02,  9.19851217e-02,\n",
      "         4.40328823e-01,  1.87328278e-01,  3.33769107e-02,\n",
      "        -1.53695015e-01, -1.24283864e-01, -8.88307184e-02,\n",
      "        -3.32095376e-03,  4.21097151e-02,  3.15264473e-02,\n",
      "        -5.65795298e-02],\n",
      "       [-5.15099915e-02,  9.48708418e-02,  1.45954040e-01,\n",
      "         1.40791734e-02, -7.07201434e-02, -1.21459676e-01,\n",
      "         1.87328278e-01,  6.30053164e-01,  1.63448892e-01,\n",
      "        -2.08072115e-01, -2.04336069e-01, -1.71719567e-01,\n",
      "        -1.11508359e-01,  1.30979865e-02,  5.55638450e-02,\n",
      "        -2.93101449e-02],\n",
      "       [-8.36426661e-02,  4.61600157e-03, -6.75360326e-03,\n",
      "        -5.61169428e-02, -6.06764635e-02, -5.31651660e-02,\n",
      "         3.33769107e-02,  1.63448892e-01,  4.05079482e-01,\n",
      "        -2.71293011e-02, -6.88781481e-02, -6.47305114e-02,\n",
      "        -7.16911915e-02, -2.58943690e-02,  2.35615884e-02,\n",
      "         1.37696519e-02],\n",
      "       [-3.27695510e-02, -1.14121431e-01, -1.86874038e-01,\n",
      "        -1.15952053e-01, -4.34181186e-02,  4.43006909e-03,\n",
      "        -1.53695015e-01, -2.08072115e-01, -2.71293011e-02,\n",
      "         4.90943079e-01,  1.94845377e-01,  1.34699252e-01,\n",
      "         4.65392865e-02, -3.43489826e-02, -5.53396165e-02,\n",
      "         3.68072596e-02],\n",
      "       [ 4.25874133e-02, -9.04441643e-02, -1.61542718e-01,\n",
      "        -8.20918683e-02, -1.63965352e-02,  5.58835114e-03,\n",
      "        -1.24283864e-01, -2.04336069e-01, -6.88781481e-02,\n",
      "         1.94845377e-01,  4.05894409e-01,  1.58777161e-01,\n",
      "         7.35030893e-02,  5.66425165e-04, -4.39549182e-02,\n",
      "        -6.40469412e-03],\n",
      "       [ 2.27685911e-02, -9.72300825e-02, -1.28819327e-01,\n",
      "        -3.79314900e-02, -1.74748535e-05,  2.56979949e-02,\n",
      "        -8.88307184e-02, -1.71719567e-01, -6.47305114e-02,\n",
      "         1.34699252e-01,  1.58777161e-01,  3.81636876e-01,\n",
      "         8.01785669e-02,  9.57768713e-03, -4.32884876e-02,\n",
      "        -3.26478486e-02],\n",
      "       [-5.15335028e-02, -1.20706493e-01, -1.14598975e-01,\n",
      "        -2.46111435e-02,  4.69791737e-02,  9.08307035e-02,\n",
      "        -3.32095376e-03, -1.11508359e-01, -7.16911915e-02,\n",
      "         4.65392865e-02,  7.35030893e-02,  8.01785669e-02,\n",
      "         3.23825774e-01,  4.92999985e-02,  1.07616404e-02,\n",
      "        -5.78040315e-03],\n",
      "       [-1.88988848e-02, -4.67317938e-02, -4.12974713e-02,\n",
      "        -1.02517508e-02,  8.04041035e-03,  2.74515120e-02,\n",
      "         4.21097151e-02,  1.30979865e-02, -2.58943690e-02,\n",
      "        -3.43489826e-02,  5.66425165e-04,  9.57768713e-03,\n",
      "         4.92999985e-02,  2.74576755e-01,  4.07467645e-02,\n",
      "        -4.20282603e-03],\n",
      "       [-3.60618636e-02, -3.35157530e-02, -2.64920363e-02,\n",
      "        -2.61105249e-02, -9.84968639e-03, -3.02042902e-03,\n",
      "         3.15264473e-02,  5.55638450e-02,  2.35615884e-02,\n",
      "        -5.53396165e-02, -4.39549182e-02, -4.32884876e-02,\n",
      "         1.07616404e-02,  4.07467645e-02,  3.15547810e-01,\n",
      "         4.30591605e-02],\n",
      "       [-9.48446186e-03, -3.80305489e-02, -4.17506283e-02,\n",
      "        -3.44944634e-02, -2.92409116e-02, -4.18139159e-02,\n",
      "        -5.65795298e-02, -2.93101449e-02,  1.37696519e-02,\n",
      "         3.68072596e-02, -6.40469412e-03, -3.26478486e-02,\n",
      "        -5.78040315e-03, -4.20282603e-03,  4.30591605e-02,\n",
      "         3.50470255e-01]]), array([[ 0.5251033 ,  0.13041826,  0.00733743, -0.04917971, -0.09845375,\n",
      "        -0.08576446, -0.06329613, -0.01002201,  0.03047035, -0.01991695,\n",
      "        -0.03946211, -0.05655938, -0.08055682, -0.05766111, -0.01048769,\n",
      "         0.02045998],\n",
      "       [ 0.13041826,  0.50176997,  0.22699564,  0.04141949, -0.09734991,\n",
      "        -0.09560501, -0.11654651, -0.11494434, -0.07465268,  0.06814508,\n",
      "         0.02070892, -0.04449621, -0.07348824, -0.09791225, -0.09930095,\n",
      "        -0.07654078],\n",
      "       [ 0.00733743,  0.22699564,  0.90689927,  0.33877495, -0.03868994,\n",
      "        -0.13484364, -0.26637418, -0.38648881, -0.33327497,  0.25366329,\n",
      "         0.21844637,  0.06017923, -0.06114407, -0.19642281, -0.31096758,\n",
      "        -0.24184405],\n",
      "       [-0.04917971,  0.04141949,  0.33877495,  0.51241276,  0.13077954,\n",
      "         0.02774051, -0.10062028, -0.19573707, -0.22779324,  0.04234295,\n",
      "         0.09250886,  0.07351163,  0.0029321 , -0.08742163, -0.16587989,\n",
      "        -0.17164598],\n",
      "       [-0.09845375, -0.09734991, -0.03868994,  0.13077954,  0.48211711,\n",
      "         0.16810878,  0.09218711,  0.03635466, -0.07445251, -0.16497148,\n",
      "        -0.05682919,  0.02980958,  0.04940508,  0.02279935,  0.00797816,\n",
      "        -0.06393109],\n",
      "       [-0.08576446, -0.09560501, -0.13484364,  0.02774051,  0.16810878,\n",
      "         0.41913066,  0.1530324 ,  0.10561839,  0.0049925 , -0.17809642,\n",
      "        -0.10474022,  0.00837554,  0.05206442,  0.05469261,  0.05230166,\n",
      "        -0.02197962],\n",
      "       [-0.06329613, -0.11654651, -0.26637418, -0.10062028,  0.09218711,\n",
      "         0.1530324 ,  0.46584782,  0.24772578,  0.12380013, -0.21807049,\n",
      "        -0.1699404 , -0.04441007,  0.03639172,  0.10459086,  0.12601004,\n",
      "         0.04043596],\n",
      "       [-0.01002201, -0.11494434, -0.38648881, -0.19573707,  0.03635466,\n",
      "         0.10561839,  0.24772578,  0.58466573,  0.2448036 , -0.23480912,\n",
      "        -0.21013412, -0.08278618,  0.00284808,  0.10895664,  0.17535219,\n",
      "         0.10432225],\n",
      "       [ 0.03047035, -0.07465268, -0.33327497, -0.22779324, -0.07445251,\n",
      "         0.0049925 ,  0.12380013,  0.2448036 ,  0.49880891, -0.11994367,\n",
      "        -0.13319597, -0.06485748, -0.02795079,  0.06859853,  0.15023932,\n",
      "         0.1448641 ],\n",
      "       [-0.01991695,  0.06814508,  0.25366329,  0.04234295, -0.16497148,\n",
      "        -0.17809642, -0.21807049, -0.23480912, -0.11994367,  0.57099861,\n",
      "         0.21765817,  0.04697295, -0.0448353 , -0.08724798, -0.17008422,\n",
      "        -0.0538737 ],\n",
      "       [-0.03946211,  0.02070892,  0.21844637,  0.09250886, -0.05682919,\n",
      "        -0.10474022, -0.1699404 , -0.21013412, -0.13319597,  0.21765817,\n",
      "         0.4275721 ,  0.08892991, -0.00765571, -0.0707114 , -0.12787109,\n",
      "        -0.0720387 ],\n",
      "       [-0.05655938, -0.04449621,  0.06017923,  0.07351163,  0.02980958,\n",
      "         0.00837554, -0.04441007, -0.08278618, -0.06485748,  0.04697295,\n",
      "         0.08892991,  0.31460836,  0.02623157, -0.01827565, -0.05370891,\n",
      "        -0.04520651],\n",
      "       [-0.08055682, -0.07348824, -0.06114407,  0.0029321 ,  0.04940508,\n",
      "         0.05206442,  0.03639172,  0.00284808, -0.02795079, -0.0448353 ,\n",
      "        -0.00765571,  0.02623157,  0.30748715,  0.05203483,  0.0405159 ,\n",
      "         0.00264742],\n",
      "       [-0.05766111, -0.09791225, -0.19642281, -0.08742163,  0.02279935,\n",
      "         0.05469261,  0.10459086,  0.10895664,  0.06859853, -0.08724798,\n",
      "        -0.0707114 , -0.01827565,  0.05203483,  0.32550171,  0.10957724,\n",
      "         0.06558808],\n",
      "       [-0.01048769, -0.09930095, -0.31096758, -0.16587989,  0.00797816,\n",
      "         0.05230166,  0.12601004,  0.17535219,  0.15023932, -0.17008422,\n",
      "        -0.12787109, -0.05370891,  0.0405159 ,  0.10957724,  0.44470848,\n",
      "         0.14390909],\n",
      "       [ 0.02045998, -0.07654078, -0.24184405, -0.17164598, -0.06393109,\n",
      "        -0.02197962,  0.04043596,  0.10432225,  0.1448641 , -0.0538737 ,\n",
      "        -0.0720387 , -0.04520651,  0.00264742,  0.06558808,  0.14390909,\n",
      "         0.40705641]]), array([[ 1.68413023,  1.44650277,  1.07148448,  0.25059151, -0.23591705,\n",
      "        -0.96157948, -1.19693693, -1.06271048, -0.44304941,  0.41262268,\n",
      "         0.49462215,  0.02205639, -0.27666859, -0.57436194, -0.82792973,\n",
      "        -0.79703483],\n",
      "       [ 1.44650277,  2.36323173,  1.58804282,  0.50904441,  0.01592212,\n",
      "        -0.85429153, -1.18239101, -1.25559205, -0.7245262 ,  0.2179584 ,\n",
      "         0.38335275, -0.27559727, -0.39004293, -0.67477688, -0.88972358,\n",
      "        -1.10164674],\n",
      "       [ 1.07148448,  1.58804282,  1.49134109,  0.3980714 , -0.01047709,\n",
      "        -0.65831532, -0.88590929, -0.95456899, -0.54748689,  0.16492732,\n",
      "         0.27925361, -0.22572723, -0.29414874, -0.51419322, -0.66938913,\n",
      "        -0.84791838],\n",
      "       [ 0.25059151,  0.50904441,  0.3980714 ,  0.41108308,  0.1027946 ,\n",
      "        -0.09621626, -0.18222666, -0.27128406, -0.20971988, -0.03559595,\n",
      "         0.02568184, -0.10251989, -0.09320915, -0.13962463, -0.17439577,\n",
      "        -0.27148155],\n",
      "       [-0.23591705,  0.01592212, -0.01047709,  0.1027946 ,  0.43535877,\n",
      "         0.25096467,  0.21179423,  0.07458294, -0.06144142, -0.18006122,\n",
      "        -0.13367491, -0.09745992,  0.00631866,  0.04800155,  0.11347194,\n",
      "         0.00856304],\n",
      "       [-0.96157948, -0.85429153, -0.65831532, -0.09621626,  0.25096467,\n",
      "         0.91703987,  0.81772447,  0.65857793,  0.22833582, -0.34003679,\n",
      "        -0.36815096, -0.04986057,  0.16941296,  0.3693159 ,  0.54360175,\n",
      "         0.47832603],\n",
      "       [-1.19693693, -1.18239101, -0.88590929, -0.18222666,  0.21179423,\n",
      "         0.81772447,  1.25974982,  0.91919682,  0.37246517, -0.39913735,\n",
      "        -0.45171963, -0.04084554,  0.21134658,  0.48614735,  0.68781896,\n",
      "         0.64480207],\n",
      "       [-1.06271048, -1.25559205, -0.95456899, -0.27128406,  0.07458294,\n",
      "         0.65857793,  0.91919682,  1.13632841,  0.45478275, -0.27894789,\n",
      "        -0.3682882 ,  0.04113563,  0.21203578,  0.45844471,  0.61630245,\n",
      "         0.66934074],\n",
      "       [-0.44304941, -0.7245262 , -0.54748689, -0.20971988, -0.06144142,\n",
      "         0.22833582,  0.37246517,  0.45478275,  0.52491136, -0.0462843 ,\n",
      "        -0.12157675,  0.1063072 ,  0.11597352,  0.21046363,  0.25822888,\n",
      "         0.34506043],\n",
      "       [ 0.41262268,  0.2179584 ,  0.16492732, -0.03559595, -0.18006122,\n",
      "        -0.34003679, -0.39913735, -0.27894789, -0.0462843 ,  0.46039251,\n",
      "         0.21682316,  0.08832568, -0.05149968, -0.14795701, -0.24251494,\n",
      "        -0.1362355 ],\n",
      "       [ 0.49462215,  0.38335275,  0.27925361,  0.02568184, -0.13367491,\n",
      "        -0.36815096, -0.45171963, -0.3682882 , -0.12157675,  0.21682316,\n",
      "         0.45189653,  0.08018931, -0.06618711, -0.18181688, -0.27560325,\n",
      "        -0.22604844],\n",
      "       [ 0.02205639, -0.27559727, -0.22572723, -0.10251989, -0.09745992,\n",
      "        -0.04986057, -0.04084554,  0.04113563,  0.1063072 ,  0.08832568,\n",
      "         0.08018931,  0.40138608,  0.07012898,  0.03492287,  0.00298662,\n",
      "         0.09805424],\n",
      "       [-0.27666859, -0.39004293, -0.29414874, -0.09320915,  0.00631866,\n",
      "         0.16941296,  0.21134658,  0.21203578,  0.11597352, -0.05149968,\n",
      "        -0.06618711,  0.07012898,  0.30721469,  0.13188311,  0.16878331,\n",
      "         0.1931544 ],\n",
      "       [-0.57436194, -0.67477688, -0.51419322, -0.13962463,  0.04800155,\n",
      "         0.3693159 ,  0.48614735,  0.45844471,  0.21046363, -0.14795701,\n",
      "        -0.18181688,  0.03492287,  0.13188311,  0.4696334 ,  0.34903031,\n",
      "         0.35876237],\n",
      "       [-0.82792973, -0.88972358, -0.66938913, -0.17439577,  0.11347194,\n",
      "         0.54360175,  0.68781896,  0.61630245,  0.25822888, -0.24251494,\n",
      "        -0.27560325,  0.00298662,  0.16878331,  0.34903031,  0.74252708,\n",
      "         0.52216538],\n",
      "       [-0.79703483, -1.10164674, -0.84791838, -0.27148155,  0.00856304,\n",
      "         0.47832603,  0.64480207,  0.66934074,  0.34506043, -0.1362355 ,\n",
      "        -0.22604844,  0.09805424,  0.1931544 ,  0.35876237,  0.52216538,\n",
      "         0.8620477 ]]), array([[ 6.53932129e-01,  2.55020579e-02,  2.02152591e-01,\n",
      "         2.38778402e-01,  2.24037787e-01,  8.01224937e-02,\n",
      "         1.88377049e-01,  1.79292692e-01,  7.28388068e-02,\n",
      "        -6.15358116e-01, -9.16534568e-02,  8.08550876e-03,\n",
      "        -9.10724891e-02, -1.96191475e-01, -2.13687699e-01,\n",
      "        -2.35614684e-01],\n",
      "       [ 2.55020579e-02,  3.18955978e-01,  1.37406232e-01,\n",
      "         1.22974251e-02, -4.39222214e-02,  1.52241457e-02,\n",
      "        -1.93746409e-02, -1.29230843e-02, -1.49259949e-02,\n",
      "        -1.39093848e-01, -2.43022184e-02, -2.82195332e-02,\n",
      "         5.57175363e-02,  6.88882976e-02,  3.56964965e-02,\n",
      "        -2.90190358e-02],\n",
      "       [ 2.02152591e-01,  1.37406232e-01,  1.27165498e+00,\n",
      "         7.80749825e-01,  1.48926835e-01,  2.91048285e-02,\n",
      "        -1.81886395e-01, -4.51686931e-02,  4.28009769e-01,\n",
      "        -1.43254383e+00, -1.06439566e-01, -1.05904815e-01,\n",
      "        -2.33682930e-02, -5.91036680e-02,  3.59436072e-02,\n",
      "        -6.62874797e-02],\n",
      "       [ 2.38778402e-01,  1.22974251e-02,  7.80749825e-01,\n",
      "         9.30593961e-01,  2.74660886e-01,  5.13953599e-02,\n",
      "        -4.44864078e-02, -3.98172975e-02,  3.07092038e-01,\n",
      "        -1.08275811e+00, -1.48120349e-02,  1.98417268e-02,\n",
      "        -1.01816456e-01, -2.11282578e-01, -1.67370539e-01,\n",
      "        -1.55095658e-01],\n",
      "       [ 2.24037787e-01, -4.39222214e-02,  1.48926835e-01,\n",
      "         2.74660886e-01,  4.72963374e-01,  8.78951945e-02,\n",
      "         1.68788019e-01,  1.14397437e-02, -2.05266438e-02,\n",
      "        -2.10137038e-01,  4.21210208e-02,  9.87040141e-02,\n",
      "        -9.90569236e-02, -2.29172349e-01, -3.11777443e-01,\n",
      "        -2.60497096e-01],\n",
      "       [ 8.01224937e-02,  1.52241457e-02,  2.91048285e-02,\n",
      "         5.13953599e-02,  8.78951945e-02,  2.57147656e-01,\n",
      "         8.95135495e-02, -1.75112969e-03, -6.12666381e-02,\n",
      "         6.40242405e-03,  1.74271591e-02,  3.73845073e-02,\n",
      "        -1.38024654e-02, -6.13636186e-02, -1.29368662e-01,\n",
      "        -1.34377879e-01],\n",
      "       [ 1.88377049e-01, -1.93746409e-02, -1.81886395e-01,\n",
      "        -4.44864078e-02,  1.68788019e-01,  8.95135495e-02,\n",
      "         4.48336477e-01,  5.25387441e-02, -1.95882364e-01,\n",
      "         2.36053493e-01,  4.32038741e-02,  1.04141906e-01,\n",
      "        -4.97187865e-02, -1.51730948e-01, -2.89891169e-01,\n",
      "        -2.60190890e-01],\n",
      "       [ 1.79292692e-01, -1.29230843e-02, -4.51686931e-02,\n",
      "        -3.98172975e-02,  1.14397437e-02, -1.75112969e-03,\n",
      "         5.25387441e-02,  3.82276725e-01,  7.77675073e-02,\n",
      "        -2.70740962e-01, -1.12791849e-01, -6.74541668e-02,\n",
      "        -3.72093774e-02, -3.28652614e-02,  4.85155042e-02,\n",
      "         1.61204361e-02],\n",
      "       [ 7.28388068e-02, -1.49259949e-02,  4.28009769e-01,\n",
      "         3.07092038e-01, -2.05266438e-02, -6.12666381e-02,\n",
      "        -1.95882364e-01,  7.77675073e-02,  6.03778048e-01,\n",
      "        -8.51912362e-01, -1.41374187e-01, -1.49469089e-01,\n",
      "        -4.37540445e-02,  1.81789952e-02,  2.28293630e-01,\n",
      "         1.90457893e-01],\n",
      "       [-6.15358116e-01, -1.39093848e-01, -1.43254383e+00,\n",
      "        -1.08275811e+00, -2.10137038e-01,  6.40242405e-03,\n",
      "         2.36053493e-01, -2.70740962e-01, -8.51912362e-01,\n",
      "         2.96283318e+00,  3.38910481e-01,  2.45621910e-01,\n",
      "         1.08864963e-01,  1.45814227e-01, -2.20177879e-01,\n",
      "        -7.95422635e-02],\n",
      "       [-9.16534568e-02, -2.43022184e-02, -1.06439566e-01,\n",
      "        -1.48120349e-02,  4.21210208e-02,  1.74271591e-02,\n",
      "         4.32038741e-02, -1.12791849e-01, -1.41374187e-01,\n",
      "         3.38910481e-01,  3.33020617e-01,  1.23393663e-01,\n",
      "         2.40595781e-03, -4.71040714e-02, -1.43678822e-01,\n",
      "        -6.97355325e-02],\n",
      "       [ 8.08550876e-03, -2.82195332e-02, -1.05904815e-01,\n",
      "         1.98417268e-02,  9.87040141e-02,  3.73845073e-02,\n",
      "         1.04141906e-01, -6.74541668e-02, -1.49469089e-01,\n",
      "         2.45621910e-01,  1.23393663e-01,  3.47438740e-01,\n",
      "        -2.28929653e-02, -1.06406914e-01, -2.10242003e-01,\n",
      "        -1.28019964e-01],\n",
      "       [-9.10724891e-02,  5.57175363e-02, -2.33682930e-02,\n",
      "        -1.01816456e-01, -9.90569236e-02, -1.38024654e-02,\n",
      "        -4.97187865e-02, -3.72093774e-02, -4.37540445e-02,\n",
      "         1.08864963e-01,  2.40595781e-03, -2.28929653e-02,\n",
      "         2.69537699e-01,  1.06727639e-01,  9.21758315e-02,\n",
      "         5.28142096e-02],\n",
      "       [-1.96191475e-01,  6.88882976e-02, -5.91036680e-02,\n",
      "        -2.11282578e-01, -2.29172349e-01, -6.13636186e-02,\n",
      "        -1.51730948e-01, -3.28652614e-02,  1.81789952e-02,\n",
      "         1.45814227e-01, -4.71040714e-02, -1.06406914e-01,\n",
      "         1.06727639e-01,  4.32453146e-01,  2.78008627e-01,\n",
      "         1.99583747e-01],\n",
      "       [-2.13687699e-01,  3.56964965e-02,  3.59436072e-02,\n",
      "        -1.67370539e-01, -3.11777443e-01, -1.29368662e-01,\n",
      "        -2.89891169e-01,  4.85155042e-02,  2.28293630e-01,\n",
      "        -2.20177879e-01, -1.43678822e-01, -2.10242003e-01,\n",
      "         9.21758315e-02,  2.78008627e-01,  7.02179283e-01,\n",
      "         4.03559210e-01],\n",
      "       [-2.35614684e-01, -2.90190358e-02, -6.62874797e-02,\n",
      "        -1.55095658e-01, -2.60497096e-01, -1.34377879e-01,\n",
      "        -2.60190890e-01,  1.61204361e-02,  1.90457893e-01,\n",
      "        -7.95422635e-02, -6.97355325e-02, -1.28019964e-01,\n",
      "         5.28142096e-02,  1.99583747e-01,  4.03559210e-01,\n",
      "         5.99201498e-01]])]\n",
      "Probabilities of the clusters: \n",
      "[0.12189829343261085, 0.07348673220694622, 0.7811521787655494, 0.010103101761753086, 0.013359693833140476]\n"
     ]
    },
    {
     "data": {
      "application/javascript": [
       "/* Put everything inside the global mpl namespace */\n",
       "window.mpl = {};\n",
       "\n",
       "\n",
       "mpl.get_websocket_type = function() {\n",
       "    if (typeof(WebSocket) !== 'undefined') {\n",
       "        return WebSocket;\n",
       "    } else if (typeof(MozWebSocket) !== 'undefined') {\n",
       "        return MozWebSocket;\n",
       "    } else {\n",
       "        alert('Your browser does not have WebSocket support.' +\n",
       "              'Please try Chrome, Safari or Firefox ≥ 6. ' +\n",
       "              'Firefox 4 and 5 are also supported but you ' +\n",
       "              'have to enable WebSockets in about:config.');\n",
       "    };\n",
       "}\n",
       "\n",
       "mpl.figure = function(figure_id, websocket, ondownload, parent_element) {\n",
       "    this.id = figure_id;\n",
       "\n",
       "    this.ws = websocket;\n",
       "\n",
       "    this.supports_binary = (this.ws.binaryType != undefined);\n",
       "\n",
       "    if (!this.supports_binary) {\n",
       "        var warnings = document.getElementById(\"mpl-warnings\");\n",
       "        if (warnings) {\n",
       "            warnings.style.display = 'block';\n",
       "            warnings.textContent = (\n",
       "                \"This browser does not support binary websocket messages. \" +\n",
       "                    \"Performance may be slow.\");\n",
       "        }\n",
       "    }\n",
       "\n",
       "    this.imageObj = new Image();\n",
       "\n",
       "    this.context = undefined;\n",
       "    this.message = undefined;\n",
       "    this.canvas = undefined;\n",
       "    this.rubberband_canvas = undefined;\n",
       "    this.rubberband_context = undefined;\n",
       "    this.format_dropdown = undefined;\n",
       "\n",
       "    this.image_mode = 'full';\n",
       "\n",
       "    this.root = $('<div/>');\n",
       "    this._root_extra_style(this.root)\n",
       "    this.root.attr('style', 'display: inline-block');\n",
       "\n",
       "    $(parent_element).append(this.root);\n",
       "\n",
       "    this._init_header(this);\n",
       "    this._init_canvas(this);\n",
       "    this._init_toolbar(this);\n",
       "\n",
       "    var fig = this;\n",
       "\n",
       "    this.waiting = false;\n",
       "\n",
       "    this.ws.onopen =  function () {\n",
       "            fig.send_message(\"supports_binary\", {value: fig.supports_binary});\n",
       "            fig.send_message(\"send_image_mode\", {});\n",
       "            if (mpl.ratio != 1) {\n",
       "                fig.send_message(\"set_dpi_ratio\", {'dpi_ratio': mpl.ratio});\n",
       "            }\n",
       "            fig.send_message(\"refresh\", {});\n",
       "        }\n",
       "\n",
       "    this.imageObj.onload = function() {\n",
       "            if (fig.image_mode == 'full') {\n",
       "                // Full images could contain transparency (where diff images\n",
       "                // almost always do), so we need to clear the canvas so that\n",
       "                // there is no ghosting.\n",
       "                fig.context.clearRect(0, 0, fig.canvas.width, fig.canvas.height);\n",
       "            }\n",
       "            fig.context.drawImage(fig.imageObj, 0, 0);\n",
       "        };\n",
       "\n",
       "    this.imageObj.onunload = function() {\n",
       "        fig.ws.close();\n",
       "    }\n",
       "\n",
       "    this.ws.onmessage = this._make_on_message_function(this);\n",
       "\n",
       "    this.ondownload = ondownload;\n",
       "}\n",
       "\n",
       "mpl.figure.prototype._init_header = function() {\n",
       "    var titlebar = $(\n",
       "        '<div class=\"ui-dialog-titlebar ui-widget-header ui-corner-all ' +\n",
       "        'ui-helper-clearfix\"/>');\n",
       "    var titletext = $(\n",
       "        '<div class=\"ui-dialog-title\" style=\"width: 100%; ' +\n",
       "        'text-align: center; padding: 3px;\"/>');\n",
       "    titlebar.append(titletext)\n",
       "    this.root.append(titlebar);\n",
       "    this.header = titletext[0];\n",
       "}\n",
       "\n",
       "\n",
       "\n",
       "mpl.figure.prototype._canvas_extra_style = function(canvas_div) {\n",
       "\n",
       "}\n",
       "\n",
       "\n",
       "mpl.figure.prototype._root_extra_style = function(canvas_div) {\n",
       "\n",
       "}\n",
       "\n",
       "mpl.figure.prototype._init_canvas = function() {\n",
       "    var fig = this;\n",
       "\n",
       "    var canvas_div = $('<div/>');\n",
       "\n",
       "    canvas_div.attr('style', 'position: relative; clear: both; outline: 0');\n",
       "\n",
       "    function canvas_keyboard_event(event) {\n",
       "        return fig.key_event(event, event['data']);\n",
       "    }\n",
       "\n",
       "    canvas_div.keydown('key_press', canvas_keyboard_event);\n",
       "    canvas_div.keyup('key_release', canvas_keyboard_event);\n",
       "    this.canvas_div = canvas_div\n",
       "    this._canvas_extra_style(canvas_div)\n",
       "    this.root.append(canvas_div);\n",
       "\n",
       "    var canvas = $('<canvas/>');\n",
       "    canvas.addClass('mpl-canvas');\n",
       "    canvas.attr('style', \"left: 0; top: 0; z-index: 0; outline: 0\")\n",
       "\n",
       "    this.canvas = canvas[0];\n",
       "    this.context = canvas[0].getContext(\"2d\");\n",
       "\n",
       "    var backingStore = this.context.backingStorePixelRatio ||\n",
       "\tthis.context.webkitBackingStorePixelRatio ||\n",
       "\tthis.context.mozBackingStorePixelRatio ||\n",
       "\tthis.context.msBackingStorePixelRatio ||\n",
       "\tthis.context.oBackingStorePixelRatio ||\n",
       "\tthis.context.backingStorePixelRatio || 1;\n",
       "\n",
       "    mpl.ratio = (window.devicePixelRatio || 1) / backingStore;\n",
       "\n",
       "    var rubberband = $('<canvas/>');\n",
       "    rubberband.attr('style', \"position: absolute; left: 0; top: 0; z-index: 1;\")\n",
       "\n",
       "    var pass_mouse_events = true;\n",
       "\n",
       "    canvas_div.resizable({\n",
       "        start: function(event, ui) {\n",
       "            pass_mouse_events = false;\n",
       "        },\n",
       "        resize: function(event, ui) {\n",
       "            fig.request_resize(ui.size.width, ui.size.height);\n",
       "        },\n",
       "        stop: function(event, ui) {\n",
       "            pass_mouse_events = true;\n",
       "            fig.request_resize(ui.size.width, ui.size.height);\n",
       "        },\n",
       "    });\n",
       "\n",
       "    function mouse_event_fn(event) {\n",
       "        if (pass_mouse_events)\n",
       "            return fig.mouse_event(event, event['data']);\n",
       "    }\n",
       "\n",
       "    rubberband.mousedown('button_press', mouse_event_fn);\n",
       "    rubberband.mouseup('button_release', mouse_event_fn);\n",
       "    // Throttle sequential mouse events to 1 every 20ms.\n",
       "    rubberband.mousemove('motion_notify', mouse_event_fn);\n",
       "\n",
       "    rubberband.mouseenter('figure_enter', mouse_event_fn);\n",
       "    rubberband.mouseleave('figure_leave', mouse_event_fn);\n",
       "\n",
       "    canvas_div.on(\"wheel\", function (event) {\n",
       "        event = event.originalEvent;\n",
       "        event['data'] = 'scroll'\n",
       "        if (event.deltaY < 0) {\n",
       "            event.step = 1;\n",
       "        } else {\n",
       "            event.step = -1;\n",
       "        }\n",
       "        mouse_event_fn(event);\n",
       "    });\n",
       "\n",
       "    canvas_div.append(canvas);\n",
       "    canvas_div.append(rubberband);\n",
       "\n",
       "    this.rubberband = rubberband;\n",
       "    this.rubberband_canvas = rubberband[0];\n",
       "    this.rubberband_context = rubberband[0].getContext(\"2d\");\n",
       "    this.rubberband_context.strokeStyle = \"#000000\";\n",
       "\n",
       "    this._resize_canvas = function(width, height) {\n",
       "        // Keep the size of the canvas, canvas container, and rubber band\n",
       "        // canvas in synch.\n",
       "        canvas_div.css('width', width)\n",
       "        canvas_div.css('height', height)\n",
       "\n",
       "        canvas.attr('width', width * mpl.ratio);\n",
       "        canvas.attr('height', height * mpl.ratio);\n",
       "        canvas.attr('style', 'width: ' + width + 'px; height: ' + height + 'px;');\n",
       "\n",
       "        rubberband.attr('width', width);\n",
       "        rubberband.attr('height', height);\n",
       "    }\n",
       "\n",
       "    // Set the figure to an initial 600x600px, this will subsequently be updated\n",
       "    // upon first draw.\n",
       "    this._resize_canvas(600, 600);\n",
       "\n",
       "    // Disable right mouse context menu.\n",
       "    $(this.rubberband_canvas).bind(\"contextmenu\",function(e){\n",
       "        return false;\n",
       "    });\n",
       "\n",
       "    function set_focus () {\n",
       "        canvas.focus();\n",
       "        canvas_div.focus();\n",
       "    }\n",
       "\n",
       "    window.setTimeout(set_focus, 100);\n",
       "}\n",
       "\n",
       "mpl.figure.prototype._init_toolbar = function() {\n",
       "    var fig = this;\n",
       "\n",
       "    var nav_element = $('<div/>')\n",
       "    nav_element.attr('style', 'width: 100%');\n",
       "    this.root.append(nav_element);\n",
       "\n",
       "    // Define a callback function for later on.\n",
       "    function toolbar_event(event) {\n",
       "        return fig.toolbar_button_onclick(event['data']);\n",
       "    }\n",
       "    function toolbar_mouse_event(event) {\n",
       "        return fig.toolbar_button_onmouseover(event['data']);\n",
       "    }\n",
       "\n",
       "    for(var toolbar_ind in mpl.toolbar_items) {\n",
       "        var name = mpl.toolbar_items[toolbar_ind][0];\n",
